3709328480063	-23.1453	293.973	39.5348	300.22	76.6167	290.979	0
3709328516964	-23.8161	327.361	39.0425	317.393	74.8299	299.611
3709328541476	-22.3105	344.49	38.5484	324.436	73.3803	301.85
3709328553831	-21.3773	348.967	38.4646	326.47	72.752	302.103
3709328566210	-20.5306	352.255	38.183	327.768	71.99	301.841
3709328578382	-19.5918	355	37.966	328.22	71.3242	300.938
3709328590672	-18.7335	357.522	37.6322	327.723	70.532	298.861
3709328603056	-17.9437	358.71	37.2783	326.536	69.6659	296.336
3709328615246	-17.3119	358.408	36.6643	324.065	68.6678	292.675
3709328627582	-16.711	356.682	36.04	320.538	67.5628	287.799
3709328640006	-16.5256	353.313	35.3349	315.819	66.5978	282.067
3709328652272	-17.1213	348.412	34.2106	309.741	65.3228	275.197
3709328664448	-18.0332	341.937	32.9073	303.255	63.9618	268.358
3709328676745	-18.9383	334.701	31.769	296.522	62.8525	261.668
3709328689081	-20.6815	325.796	30.344	288.997	61.8185	255.068
3709328701359	-22.7307	314.67	28.7866	280.061	60.9215	247.747
3709328713670	-25.1366	302.38	26.9903	270.134	59.9215	240.017
3709328726093	-27.2026	289.103	25.466	259.699	59.0624	232.41
3709328738371	-29.5675	274.549	24.508	249.883	58.7202	226.378
3709328750613	-31.8787	260.456	23.6225	239.675	58.2508	220.083
3709328762842	-33.2788	246.317	23.1576	229.396	57.7728	214.081
3709328775222	-34.4464	233.707	22.955	218.207	57.5737	207.772
3709328787476	-34.9578	220.371	23.2314	207.986	57.9066	204.237
3709328799818	-34.0223	205.276	24.1236	199	58.5388	201.783
3709328812015	-32.5781	188.858	25.1773	190.829	59.1752	200.459
3709328824329	-30.6669	172.075	26.2648	184.872	60.1521	200.401
3709328836655	-28.662	156.933	27.0622	180.113	61.2016	201.433
3709328848920	-27.0446	145.123	27.2892	176.872	61.9718	202.314
3709328861241	-26.0459	136.472	27.2996	175.685	62.706	203.759
3709328885935	-24.7512	133.947	28.25	180.682	65.1649	209.641	10.7942
3709328898162	-23.1778	134.757	29.1414	186.327	66.4675	216.15
3709328910431	-21.929	139.458	30.1572	193.508	68.0465	223.552
3709328922727	-21.0963	146.712	31.168	201.233	69.7248	231.172
3709328935050	-21.281	156.608	32.0073	209.082	71.1291	237.832
3709328947309	-21.5746	168.595	32.9627	218.913	72.2779	246.371
3709328959709	-22.8974	183.063	34.1445	229.684	73.6044	254.538
3709328971929	-23.5667	197.596	35.3092	240.917	74.7513	262.089
3709328984261	-24.2381	211.022	36.1174	250.799	75.4144	267.831
3709328996587	-24.139	222.7	36.3018	259.442	75.3908	272.08
3709329008790	-23.8876	233.983	36.7846	267.845	75.9078	276.467
3709329023301	-23.696	245.244	36.9523	275.626	75.8865	279.603
3709329033533	-24.3757	255.685	36.9408	281.721	75.511	281.808
3709329045713	-25.1021	268.286	36.8784	288.573	74.7532	284.518
3709329058011	-25.2124	280.616	37.2204	294.899	73.8255	286.479
3709329070389	-25.0154	291.271	36.8324	300.278	72.4014	287.991
3709329082600	-24.3138	301.647	36.3491	304.667	71.076	289.205
3709329094884	-23.4361	318.135	36.0766	307.917	69.9463	288.876
3709329107199	-21.904	328.297	35.6185	310.106	68.7912	288.266
3709329119491	-21.2921	335.649	34.6666	310.961	67.2491	286.557
3709329131768	-20.6499	340.316	33.7423	310.932	65.766	284.125
3709329144315	-20.262	342.508	32.7721	310.163	64.2641	281.283
3709329157962	-20.3626	342.494	31.9072	308.561	63.1027	278.003
3709329170676	-21.1655	340.789	30.9321	306.111	62.0431	274.29
3709329181169	-22.4688	336.859	29.7595	302.93	60.8947	270.367
3709329193266	-23.5711	331.42	28.5675	298.552	59.838	265.553
3709329205820	-25.265	324.411	27.211	293.16	58.8114	260.399
3709329217860	-27.2936	315.397	25.5976	286.115	57.5867	253.79
3709329254785	-35.227	283.321	21.1277	264.222	54.6714	236.281
3709329267066	-37.2615	270.244	19.8505	253.646	54.0585	229.148
3709329279743	-38.8534	257.379	18.5717	242.733	53.2685	221.911
3709329291688	-39.9968	244.814	17.6879	232.236	52.7928	215.34
3709329304096	-41.6065	233.754	16.7948	220.555	52.3416	207.974
3709329316264	-42.3184	221.011	16.3224	209.196	52.2191	201.829
3709329328578	-42.4673	207.493	16.5153	198.898	52.4997	197.901
3709329340907	-41.3776	193.552	17.5472	189.332	53.7237	194.879
3709329353172	-38.8554	178.164	18.965	180.905	55.0339	193.378
3709329365440	-34.5732	163.29	20.3945	175.034	56.1454	193.646
3709329377726	-31.2157	149.766	21.5022	170.217	56.8069	194.167
3709329390081	-27.4668	137.923	23.1917	167.833	57.9848	197.198
3709329402444	-25.529	130.852	24.4776	166.44	59.3585	199.093
3709329414697	-25.3614	126.879	25.079	166.905	60.4919	201.622	11.0239
3709329426970	-24.2022	122.568	25.8615	169.214	61.9306	205.754
3709329439305	-23.1787	123.767	27.2469	174.559	64.021	211.949
3709329451570	-23.3807	129.115	28.1878	181.741	65.8476	218.722
3709329463886	-24.005	136.101	28.6209	190.472	67.0086	226.427
3709329476163	-24.268	143.363	28.763	199.164	67.7967	233.725
3709329488481	-24.4665	151.881	28.9754	207.742	68.6314	240.701
3709329500802	-24.6498	161.065	28.9068	216.081	69.3214	247.257
3709329513086	-25.1661	171.011	28.9941	223.796	70.0433	253.505
3709329525344	-27.0878	183.629	29.3799	232.573	71.2511	259.802
3709329537722	-27.9532	196.599	30.3319	242.822	72.4253	267.376
3709329550142	-27.4955	206.659	31.051	251.816	72.878	273.484
3709329562226	-27.3567	216.714	31.7609	259.966	73.6201	278.028
3709329574494	-27.7407	226.155	32.1648	266.308	73.7796	280.764
3709329586893	-27.6746	232.728	32.1891	271.07	73.2781	282.702
3709329599179	-28.2195	240.127	32.1635	274.99	72.7571	283.153
3709329611499	-28.943	248.893	31.9359	279.08	71.9906	283.384
3709329623744	-29.9476	260.094	31.5123	283.017	71.1801	283.549
3709329636035	-29.753	270.694	31.8961	286.958	70.6254	283.206
3709329648306	-29.7905	279.349	31.6868	289.896	69.5091	282.741
3709329660700	-29.4309	287.89	31.5055	291.927	68.4076	281.333
3709329672915	-29.2351	297.793	30.9373	292.372	66.995	278.293
3709329685247	-28.3631	305.356	30.3646	292.64	65.4582	275.071
3709329697629	-27.2646	309.104	30.1248	291.798	64.4765	271.727
3709329709922	-26.3832	310.511	29.6145	289.934	63.1886	267.283
3709329722242	-25.7926	309.846	29.0775	286.885	62.0741	262.173
3709329734512	-25.5181	307.201	28.2958	282.672	61.0097	256.539
3709329746748	-25.8697	302.673	27.1767	277.615	59.9321	250.636
3709329759014	-26.07	296.505	26.1737	271.794	59.0109	244.646
3709329771478	-26.8226	288.533	25.1683	265.183	58.2916	238.487
3709329783683	-28.1292	279.573	24.0015	257.92	57.4291	232.271
3709329795922	-29.825	270.041	22.9612	249.698	56.8351	225.854
3709329808285	-32.1606	258.767	21.88	241.479	56.2196	220.385
3709329820527	-33.8436	247.731	21.2138	232.656	55.7194	214.604
3709329832876	-35.5366	236.518	20.5872	223.504	55.1338	209.214
3709329845131	-36.6931	225.832	20.5278	213.716	55.23	204.516
3709329857597	-36.763	213.217	20.8719	203.435	55.4026	199.697
3709329869713	-35.625	198.173	21.6058	193.94	55.7134	196.672
3709329882001	-33.4509	181.874	23.2776	185.28	57.0731	195.301
3709329894388	-29.609	161.499	25.2414	177.549	58.424	195.726
3709329906591	-25.0938	142.573	27.2757	171.718	59.5403	197.142
3709329918982	-19.501	126.073	29.1706	166.843	60.1712	198.722
3709329931296	-14.7575	114.864	30.4906	164.92	60.4112	202.014
3709329943597	-12.0928	109.431	31.589	165.229	61.468	204.936	13.9314
3709329955918	-11.0458	108.582	32.6743	168.839	63.2011	209.878
3709329968081	-10.9732	111.619	33.1276	174.507	64.8128	215.596
3709329980392	-11.865	118.759	33.9534	181.997	67.2714	222.081
3709330005075	-14.0561	138.5	35.2782	199.65	70.9558	236.95
3709330017275	-15.3538	154.052	36.3439	213.388	73.1325	247.284
3709330029682	-15.9487	167.637	36.9752	225.397	74.447	256.658
3709330041854	-15.8359	182.274	38.0417	236.202	76.0078	264.151
3709330054147	-15.4326	196.011	38.9139	246.15	77.0482	270.736
3709330066466	-14.9482	208.865	39.7577	255.881	77.7555	277.386
3709330078767	-14.4595	221.312	40.4743	265.33	77.9888	283.455
3709330091072	-13.4694	232.94	41.3307	275.488	78.4124	290.345
3709330103403	-12.7567	244.239	41.8094	284.319	78.6739	294.873
3709330115623	-12.6391	255.162	42.0885	292.219	78.7987	298.469
3709330127977	-13.0461	264.933	41.7477	298.412	78.4128	300.561
3709330140417	-13.2679	274.053	41.8395	304.577	78.3007	303.277
3709330152577	-14.1953	282.903	41.2747	309.679	77.5268	304.839
3709330164841	-15.6471	291.613	40.5598	313.975	76.6305	305.591
3709330177150	-16.5527	298.639	39.9644	317.408	75.9372	306.566
3709330189611	-17.4675	306.178	39.7248	320.534	75.4061	307.597
3709330201755	-18.1292	312.032	39.5104	322.229	74.7188	307.1
3709330214050	-18.4762	316.318	39.1512	322.511	74.0015	305.464
3709330226378	-18.4407	320.804	38.8003	321.982	73.2525	303.031
3709330238639	-18.5196	324.705	38.3934	320.981	72.4908	300.327
3709330250960	-18.5085	327.981	38.0926	319.7	71.8211	297.568
3709330263223	-18.1566	329.376	37.7772	317.081	71.0199	293.419
3709330275573	-17.8816	328.72	37.2105	313.575	69.8096	288.303
3709330287860	-17.4671	325.507	36.7524	309.349	68.7237	282.364
3709330300114	-17.4708	321.471	36.1438	304.364	67.6697	276.102
3709330312476	-18.1978	317.89	35.3302	298.387	66.7611	269.557
3709330324728	-19.2776	312.845	34.315	291.622	65.8428	262.869
3709330337005	-20.4366	306.427	33.174	283.902	64.9086	255.744
3709330349356	-22.1286	297.917	31.9259	275.121	64.2647	248.468
3709330361611	-23.8646	287.221	30.7259	265.601	63.5893	241.007
3709330373927	-25.4227	275.272	29.6981	255.175	62.8814	233.242
3709330386231	-26.6891	262.562	28.9909	244.68	62.2431	225.828
3709330398571	-27.0607	249.059	28.6666	233.96	61.6555	218.828
3709330410938	-27.2124	236.901	28.7712	221.905	61.8779	212.347
3709330423117	-26.5842	222.156	29.1765	211.076	62.3497	208.409
3709330435417	-24.748	204.923	30.6057	199.828	63.6677	204.72
3709330447722	-21.5355	185.138	32.5824	191.539	65.0843	203.928
3709330460060	-16.6405	162.616	34.3626	183.863	65.8348	204.209
3709330472332	-10.9847	144.73	35.7406	177.763	66.0433	204.78
3709330484627	-6.10536	133.423	36.9016	175.931	66.5444	207.995
3709330496899	-3.10636	127.61	37.3971	176.659	66.9472	211.487	23.5187
3709330509291	-2.26462	126.763	37.5929	179.862	67.7495	216.35
3709330521501	-3.33078	130.532	37.6481	184.95	68.9488	221.403
3709330533896	-5.403	138.097	38.0466	192.102	70.6634	227.41
3709330546057	-7.60927	148.859	38.6594	200.797	72.5809	234.059
3709330558364	-8.91612	163.004	39.849	211.619	74.8575	242.713
3709330570751	-9.49124	177.557	41.261	222.611	76.9845	251.139
3709330583138	-9.07632	191.451	42.7451	232.674	78.8217	258.668
3709330595342	-7.90318	207.599	44.6185	244.456	80.8903	267.333
3709330607782	-6.92414	224.178	46.2019	255.439	82.4832	274.387
3709330619873	-5.85485	238.29	47.2822	264.816	83.3414	279.951
3709330632192	-4.83335	250.469	48.0785	273.657	83.7628	285.165
3709330644606	-4.02461	261.598	48.9367	282.009	84.2429	289.778
3709330656832	-3.42331	272.13	49.5954	289.283	84.6238	293.637
3709330669087	-3.36001	281.978	49.9966	296.071	84.8229	297.3
3709330681449	-4.19876	292.353	50.3379	302.615	84.874	300.572
3709330693650	-5.53207	301.175	50.1164	307.792	84.543	302.084
3709330706005	-6.53755	308.783	49.7413	312.257	84.1092	303.224
3709330718337	-7.74157	316.546	49.4407	316.323	83.9045	304.491
3709330730554	-8.55637	324.544	49.1976	319.834	83.7321	305.585
3709330742898	-9.0353	331.516	48.8915	322.217	83.4971	305.723
3709330755180	-8.9965	336.971	48.7328	323.84	83.3203	305.506
3709330767505	-8.63442	341.077	48.6061	324.632	83.0107	304.464
3709330780060	-7.96763	344.391	48.6034	324.82	82.6968	303.036
3709330816959	-6.31128	346.423	47.6003	320.955	80.4183	294.702
3709330829036	-5.37081	343.723	47.3673	317.652	79.6036	289.64
3709330841274	-4.72635	341.484	46.4815	312.961	78.1361	283.18
3709330854015	-4.3059	337.92	45.4343	307.327	76.669	276.12
3709330865876	-4.58491	332.926	44.2665	301.408	75.2847	269.211
3709330878143	-5.33622	326.761	42.983	294.671	74.0208	262.185
3709330890465	-7.03557	318.896	41.4901	288.103	72.693	256.223
3709330902762	-9.17364	309.804	39.947	280.306	71.6638	249.945
3709330915019	-11.6056	298.795	38.3314	271.592	70.7141	243.245
3709330927363	-14.281	285.869	36.7355	261.125	69.6726	235.277
3709330939696	-16.9127	272.242	35.1832	250.112	68.4455	227.095
3709330951950	-18.8183	258.757	33.8617	239.112	67.1549	219.196
3709330964236	-19.4193	243.297	32.8366	227.826	66.3607	212.427
3709330976645	-19.7785	229.524	32.5043	215.88	66.2273	206.389
3709330988836	-18.5059	215.658	32.8698	204.237	66.0467	201.283
3709331001158	-16.4591	200.576	34.067	193.391	66.529	197.918
3709331013453	-13.5456	182.75	36.0308	184.2	67.8738	195.944
3709331025702	-9.38132	160.903	37.7896	176.365	68.5144	196.849
3709331038001	-6.34617	141.802	38.4875	169.073	68.3867	197.624
3709331050322	-5.64112	128.1	38.0959	164.908	67.7857	199.438
3709331062619	-6.10642	122.217	38.2549	165.024	68.5256	202.907	19.0181
3709331075001	-7.50541	121.651	38.627	167.387	69.8479	206.268
3709331087285	-9.09518	124.954	38.7852	172.91	71.3403	211.133
3709331099587	-10.479	132.138	39.242	180.548	73.3068	216.422
3709331124082	-11.7096	155.046	40.5323	197.438	76.4382	228.22
3709331136394	-10.3016	172.382	41.9293	210.512	78.4726	237.691
3709331148709	-8.87692	188.521	43.3665	223.43	79.805	247.678
3709331161000	-8.44954	208.839	44.9516	236.395	80.9401	256.19
3709331173267	-7.56291	227.943	46.2283	247.731	81.7935	263.09
3709331185564	-6.15771	245.026	47.1843	258.354	82.1784	269.471
3709331197859	-5.16359	261.112	47.7202	268.225	82.1386	275.089
3709331210402	-4.98115	276.668	47.9427	277.617	81.8056	279.913
3709331222617	-5.02461	291.504	48.0714	286.518	81.5238	284.742
3709331234789	-5.06922	304.574	47.9857	294.748	81.0756	289.307
3709331247143	-5.46506	316.977	47.5488	302.466	80.4539	293.598
3709331259378	-5.74851	327.384	47.0579	308.812	79.734	296.474
3709331271666	-5.72328	336.675	46.7498	314.818	79.2199	299.518
3709331283983	-5.1678	344.051	46.9742	320.274	79.1156	302.333
3709331296271	-4.93188	350.194	46.9483	324.78	78.7642	304.274
3709331308580	-4.60118	355.357	46.9748	328.876	78.6577	306.65
3709331320868	-4.25776	359.654	47.1119	332.075	78.6348	308.31
3709331333161	-3.81001	362.676	47.2102	334.17	78.413	308.801
3709331345462	-3.37577	364.519	47.241	335.312	78.1728	308.64
3709331357842	-2.95051	365.795	47.2911	336.164	78.0188	308.606
3709331370083	-2.55785	366.35	47.3386	336.217	77.7966	307.678
3709331382416	-1.92396	367.774	47.2881	334.956	77.4593	304.985
3709331394622	-1.03725	368.075	47.2956	333.202	77.2432	301.857
3709331407234	-0.215092	367.061	47.2557	330.507	76.9461	297.688
3709331419234	0.37289	364.978	47.1474	327.097	76.5962	292.91
3709331431659	0.613993	361.332	46.7896	322.427	76.1039	287.043
3709331444058	0.361696	356.193	46.0274	316.763	75.2715	280.498
3709331456144	0.0478539	350.213	45.2316	310.223	74.3048	273.075
3709331468525	-0.545802	342.98	44.4016	302.907	73.3969	265.027
3709331481022	-2.20132	333.897	43.0279	294.574	72.3055	256.696
3709331493112	-4.39938	323.802	41.6575	285.328	71.6768	248.404
3709331505318	-6.66642	312.286	40.3882	275.155	71.3257	239.917
3709331517658	-9.62483	296.897	39.3456	263.972	71.311	231.785
3709331529942	-12.6652	281.173	38.4508	251.942	71.2155	223.421
3709331542278	-14.7063	263.859	38.0981	239.133	71.0996	214.761
3709331554561	-16.3842	246.583	37.7215	225.74	70.7809	206.705
3709331566836	-16.3168	229.329	38.3253	212.053	71.116	200.103
3709331579330	-14.2805	213.265	39.9224	198.934	72.2427	195.832
3709331591407	-10.6725	197.351	42.4378	188.448	73.961	194.068
3709331603717	-5.25484	178.973	44.4493	180.105	74.8482	194.346
3709331616170	-0.847055	161.351	44.918	173.367	75.0352	194.644
3709331628328	3.14011	149.551	45.0402	170.932	75.7081	197.441
3709331640647	4.10771	145.451	44.7606	172.17	76.1775	201.178	14.4061
3709331652906	3.01457	149.495	44.4199	176.322	77.2173	205.28
3709331665282	1.77449	159.74	44.5356	183.339	78.4627	210.352
3709331677526	-0.219007	173.408	44.676	192.508	79.8096	217.169
3709331689825	-0.996321	188.534	45.4729	202.542	81.6181	224.774
3709331702175	-1.06962	203.322	46.4822	213.469	82.9169	233.252
3709331714399	-1.25154	217.386	47.902	224.755	84.3594	241.296
3709331726809	-0.729455	228.816	49.3849	236.272	85.263	249.849
3709331738983	-1.03427	242.416	50.7632	248.434	86.0825	258.36
3709331751284	-1.00905	256.124	51.7047	260.285	86.4384	265.773
3709331763646	-2.36318	268.859	51.8822	270.642	86.2458	272.02
3709331775938	-3.20986	280.637	52.2844	281.21	86.3897	278.949
3709331788233	-3.89728	291.602	52.3794	290.691	86.0967	284.624
3709331800497	-4.39855	300.909	52.3715	298.215	85.6506	288.706
3709331812863	-4.82973	310.1	52.5121	305.504	85.778	293.653
3709331825250	-5.22001	317.665	52.9755	312.115	86.1764	298.651
3709331837448	-5.73062	323.976	53.0542	318.239	86.1055	303.097
3709331849725	-6.23049	329.739	53.1478	323.516	86.1216	306.92
3709331862078	-6.37753	335.041	53.2812	328.23	86.139	310.122
3709331874367	-6.20614	340.29	53.2764	332.083	85.8193	312.459
3709331886561	-5.88725	345.039	53.0612	335.008	85.3105	313.887
3709331899078	-4.9815	348.968	52.9161	336.446	84.7831	313.737
3709331911210	-4.18463	352.369	52.7584	337.287	84.2212	313.252
3709331923495	-3.41887	355.084	52.5434	337.46	83.4737	312.063
3709331935788	-2.54549	358.02	52.2686	337.129	82.7672	310.427
3709331948110	-1.88349	359.681	51.7626	336.037	81.999	308.32
3709331960349	-1.46609	359.387	51.1155	333.855	81.0369	305.083
3709331972677	-1.74532	356.441	50.1536	330.554	79.6815	300.623
3709331984969	-2.0134	352.386	49.1624	326.005	78.2976	294.912
3709331997250	-2.83452	347.156	47.9087	320.257	76.8093	288.172
3709332009656	-4.17615	341.456	46.3562	313.856	75.2581	281.325
3709332021896	-5.65921	334.033	44.8609	306.774	73.7458	274.018
3709332034189	-7.63069	325.923	43.1516	298.935	72.254	266.478
3709332046486	-10.0703	317.484	41.2355	290.565	70.8277	259.198
3709332058751	-12.7133	307.653	39.1084	280.596	69.4036	251.021
3709332071046	-15.8074	295.891	37.06	269.843	68.2468	243.065
3709332083388	-18.4264	282.704	35.3817	258.361	67.2997	235.346
3709332095679	-20.112	268.141	34.2994	246.182	66.53	227.77
3709332107951	-20.3913	252.109	33.8812	233.484	66.0471	220.697
3709332120250	-20.2355	236.851	33.7908	220.722	66.0298	215.275
3709332132561	-19.1708	217.087	34.6779	208.475	66.4269	210.981
3709332144815	-16.4069	194.119	36.3525	198.292	67.4386	209.415
3709332157339	-11.1391	168.518	37.9313	188.268	67.6106	208.37
3709332169463	-6.0301	148.169	38.9878	180.938	67.4488	210.093
3709332181833	-2.35982	133.02	39.4992	175.356	67.2876	211.062
3709332194024	-1.08991	124.571	39.1878	172.943	67.2163	212.439
3709332206330	-0.8341	121.871	39.0033	174.66	67.7075	216.057	28.2924
3709332218738	-1.09941	125.176	39.2694	180.421	69.2395	220.95
3709332243244	-4.12686	144.619	39.9672	195.679	72.5502	231.923
3709332255539	-6.48818	162.313	41.1255	210.261	75.2585	242.213
3709332267884	-8.09912	178.846	42.1091	223.178	77.1403	250.925
3709332280150	-9.65769	197.379	43.2811	236.555	78.4169	259.545
3709332292385	-9.93746	214.207	44.4081	248.59	79.3696	266.71
3709332304719	-10.2155	229.191	44.9993	259.179	79.6689	273.01
3709332317154	-11.3731	243.097	45.0441	268.925	79.1851	277.642
3709332329380	-12.6143	256.777	44.8215	278.766	78.6035	283.199
3709332341761	-14.1252	268.342	44.338	287.252	77.9163	287.93
3709332378567	-21.7277	295.31	42.2678	303.257	75.8536	297.475
3709332390820	-22.8171	305.153	41.2379	310.698	74.8113	301.276
3709332403160	-23.6757	313.331	40.4203	317.116	73.906	304.498
3709332415503	-23.9623	319.255	39.7663	322.674	73.015	307.158
3709332427858	-24.0907	323.591	39.2989	326.916	72.3185	308.88
3709332440137	-23.7829	326.993	39.0955	330.343	71.786	310.109
3709332452339	-23.524	330.966	38.4951	332.751	70.7004	310.121
3709332464623	-23.2388	337.361	37.7449	333.772	69.4449	308.643
3709332476904	-22.364	343.652	36.8679	333.588	68.2718	306.376
3709332489183	-21.3433	349.321	36.0557	332.759	67.3214	303.898
3709332501498	-20.6512	353.875	35.3374	331.636	66.6072	301.296
3709332513909	-20.5839	356.072	34.6879	329.896	66.0187	298.235
3709332526147	-20.3083	356.906	34.0158	327.143	65.3192	294.092
3709332538366	-19.7558	357.352	33.448	323.703	64.4933	289.146
3709332550672	-19.0655	355.888	32.9006	319.314	63.6749	283.451
3709332563028	-18.488	352.519	32.4398	314.548	62.8536	277.481
3709332575453	-18.6696	346.44	31.7124	308.861	61.9813	271.111
3709332587564	-19.4995	337.756	30.9375	302.479	61.2759	264.52
3709332599871	-20.7904	328.443	29.9394	295.077	60.523	257.383
3709332612257	-22.3158	318.155	28.7148	286.326	59.6637	249.374
3709332624534	-24.1109	306.867	27.548	277.02	59.1525	241.77
3709332636749	-25.6387	293.457	26.3938	266.597	58.6243	233.788
3709332649303	-27.885	278.187	25.5986	256.127	58.3543	226.87
3709332673675	-29.4209	252.078	25.5449	235.049	57.9107	212.793
3709332686103	-28.1608	236.883	25.8826	221.973	57.5795	206.142
3709332698239	-26.3206	223.379	26.9011	208.574	58.0722	200.617
3709332710649	-23.1284	206.11	28.8041	196.334	59.1615	197.508
3709332722904	-18.6416	186.979	31.3142	188.466	60.4529	198.661
3709332735186	-11.3777	164.053	34.1235	181.026	61.8112	200.825
3709332759871	-1.28314	129.705	35.3156	173.158	62.2053	204.088
3709332772014	-1.18598	122.643	35.459	175.636	63.4025	209.968	13.7889
3709332784487	-1.68287	122.368	36.0341	181.487	65.5035	216.671
3709332796743	-4.97614	130.016	35.8989	190.953	67.4852	225.394
3709332809070	-9.74652	142.723	36.215	202.168	69.789	235.375
3709332821214	-14.0738	159.072	36.9545	215.064	71.7963	245.519
3709332833559	-15.8159	176.665	38.7059	230.232	74.1517	257.49
3709332845858	-17.7854	196.177	41.1126	243.156	76.8211	265.863
3709332858069	-18.1047	212.965	42.8795	254.898	78.2594	272.624
3709332870455	-17.741	228.26	44.081	265.874	78.8202	278.755
3709332882722	-16.5486	242.224	45.0134	275.64	78.9394	284.004
3709332895016	-14.8698	254.361	45.9449	285.269	79.3221	290.483
3709332907370	-13.7692	264.869	46.3539	293.587	79.2935	296.238
3709332919633	-12.6135	274.959	46.5975	300.76	79.1947	300.756
3709332931895	-11.6197	283.716	46.6768	307.209	79.3346	305.198
3709332944299	-10.8568	291.18	47.0406	313.517	79.3543	309.329
3709332956511	-11.4673	299.067	47.2156	319.256	78.9832	312.312
3709332968781	-12.3304	306.583	47.1179	324.097	78.4555	313.941
3709332981141	-13.0888	313.676	46.9039	328.091	78.0164	315.168
3709332993475	-13.5164	320.589	46.8444	331.251	77.5212	315.551
3709333018004	-13.0646	331.373	45.9109	334.729	75.8178	314.205
3709333030349	-12.092	336.645	45.5833	335.371	75.1835	312.604
3709333042567	-10.8951	343.919	44.8534	334.979	74.1751	310.367
3709333054944	-9.8797	350.383	44.1118	334.415	73.1451	307.893
3709333067243	-9.21336	354.566	43.4281	333.152	72.3205	305.088
3709333079473	-8.50524	356.16	42.611	330.543	71.1122	300.65
3709333091781	-8.4571	355.812	41.7801	327.001	69.7533	295.185
3709333104109	-8.5728	352.431	40.8593	322.381	68.2337	288.682
3709333116381	-8.74753	347.091	39.8015	316.721	66.7329	281.478
3709333128722	-9.6077	340.272	38.3339	310.43	65.1083	274.181
3709333140976	-10.6032	332.391	36.9553	303.442	63.778	266.724
3709333153270	-12.2209	323.831	35.4323	295.951	62.5759	259.417
3709333165554	-14.3139	315.389	33.7088	288.12	61.4239	252.457
3709333190201	-21.1518	296.716	29.9733	270.935	59.3765	239.434
3709333202470	-24.9195	283.884	28.2659	260.082	58.872	232.093
3709333214799	-28.2205	270.485	26.7182	248.38	58.2306	224.503
3709333227063	-30.2383	256.305	25.6612	236.261	57.6324	217.336
3709333239411	-30.8599	242.292	25.0486	223.766	57.3553	211.439
3709333251737	-30.2034	228.238	25.6392	212.254	57.976	207.318
3709333263954	-27.6418	210.259	27.421	201.82	59.3275	204.828
3709333276266	-24.7389	190.11	29.4824	193.311	60.8461	204.773
3709333288579	-20.7344	169.035	30.7621	186.823	61.4934	206.645
3709333300861	-16.5848	153.57	31.512	183.058	62.0626	209.221
3709333313198	-13.3991	142.254	32.1193	182.905	62.7965	213.29
3709333325459	-10.5774	135.992	32.6532	185.493	63.9675	217.598	21.403
3709333337816	-10.5958	137.641	32.4304	191.514	65.4746	223.101
3709333350060	-12.701	145.828	32.1543	200.764	67.3442	231.229
3709333362374	-15.9879	158.324	32.2973	211.424	69.4118	239.705
3709333374623	-18.2909	173.282	33.2968	223.368	71.6206	249.1
3709333386921	-20.468	193.036	36.0457	237.376	74.4474	258.437
3709333399215	-20.652	212.39	38.7547	250.292	76.732	265.916
3709333411597	-20.1961	231.194	40.7137	262.047	77.7843	271.582
3709333423835	-18.7508	246.565	42.0412	272.013	77.8322	276.736
3709333436169	-17.1094	259.684	43.1002	281.183	77.6751	281.955
3709333448546	-15.0845	271.222	43.681	289.086	77.4868	285.953
3709333460719	-13.1476	281.804	44.4639	296.704	77.4856	290.245
3709333473056	-12.5707	293.015	44.4461	303.321	77.4045	293.954
3709333485419	-12.3464	304.115	43.9433	308.38	76.9882	296.651
3709333497612	-12.5394	317.679	43.3259	313.682	76.9091	300.421
3709333509929	-12.9966	328.275	42.7926	318.162	76.6349	303.047
3709333522281	-14.1925	336.479	42.2396	322.282	76.2363	305.527
3709333534509	-15.1991	343.717	41.7659	326.191	76.0978	308.37
3709333546860	-15.6953	349.47	41.3013	329.357	75.5297	309.766
3709333559139	-15.4914	355.117	40.8584	331.808	74.9576	310.668
3709333571409	-15.1947	359.77	40.5883	333.932	74.5192	311.432
3709333583732	-14.523	363.214	40.4536	335.445	74.0451	311.783
3709333596094	-13.6487	365.652	40.148	335.864	73.3296	311.12
3709333608389	-13.1328	367.071	39.7791	335.402	72.5969	309.654
3709333620610	-12.9041	366.699	39.2093	334.145	71.6039	307.258
3709333632883	-12.9663	364.865	38.5354	332.348	70.6392	304.755
3709333645352	-13.2958	362.284	37.6106	329.77	69.5053	301.654
3709333657514	-13.5778	358.264	36.668	326.144	68.2788	297.297
3709333669795	-14.0375	353.816	35.609	321.285	66.877	291.556
3709333682143	-14.8579	348.672	34.4523	315.302	65.4279	284.75
3709333694399	-15.869	342.623	33.0538	308.602	63.6308	277.004
3709333706682	-16.6114	335.832	31.9086	301.682	62.2145	269.37
3709333718987	-17.7388	328.075	30.4695	293.889	60.7911	261.444
3709333731286	-20.0613	318.239	29.0241	285.094	59.7978	253.593
3709333743639	-23.1623	305.828	27.4736	275.182	59.0285	246.186
3709333755954	-26.4126	291.434	26.1571	264.496	58.4047	239.073
3709333768188	-29.9814	274.987	25.3388	253.183	57.8472	232.352
3709333792825	-31.6632	242.197	25.7448	230.487	57.295	220.16
3709333805089	-29.5285	220.327	27.2112	215.545	57.9921	215.035
3709333817411	-26.1295	198.305	29.2034	203.553	59.2418	213.159
3709333829809	-20.8528	178.738	30.9202	195.136	59.8378	213.523
3709333841976	-16.1616	164.763	31.5868	189.559	60.0886	214.732
3709333854317	-13.3005	157.598	31.5767	187.633	60.3431	216.909
3709333866662	-12.1366	156.744	31.8226	189.946	61.492	220.387	24.0239
3709333878882	-12.4833	162.475	32.3305	195.306	63.5593	225.056
3709333891178	-13.5666	173.345	32.656	203.447	65.6072	231.452
3709333903653	-15.2132	187.508	32.9778	212.947	67.4553	238.226
3709333940471	-16.7743	224.887	36.3953	235.376	73.019	257.212
3709333964891	-16.9246	261.675	38.1891	253.744	75.299	271.631
3709333977328	-15.3455	278.452	39.9167	267.491	76.6836	281.405
3709333989577	-14.5576	291.691	41.5187	281.346	77.7848	289.487
3709334001868	-14.3512	301.439	42.9103	292.967	77.8923	295.006
3709334014255	-14.3834	308.14	43.7543	302.23	77.423	298.867
3709334026432	-14.4853	314.72	44.5482	310.262	77.1995	302.673
3709334038766	-14.7104	319.791	44.8617	316.716	76.7592	305.928
3709334051095	-14.9788	324.956	45.0445	322.248	76.6116	309.085
3709334063367	-14.3555	331.106	45.0338	326.268	76.3432	311.35
3709334075697	-13.5429	338.952	44.9199	329.822	76.1985	313.151
3709334087970	-12.4995	346.47	45.0439	333.656	76.1496	315.723
3709334100253	-11.4357	351.866	45.1399	336.639	76.0914	317.381
3709334112515	-10.5614	356.259	45.1881	339.142	76.0693	318.864
3709334124818	-9.59352	359.181	45.3618	341.035	76.0181	319.542
3709334137095	-8.71916	360.376	45.411	342.068	75.768	319.564
3709334149441	-7.78383	361.523	45.3967	342.28	75.3733	318.673
3709334161724	-7.03431	363.071	45.232	342.31	74.777	317.223
3709334173983	-6.46901	364.263	44.9403	342.121	74.167	315.627
3709334186290	-6.44543	364.401	44.4835	341.315	73.427	313.519
3709334198606	-7.31185	363.113	43.8029	339.512	72.4513	310.189
3709334210898	-8.41368	359.151	42.9895	336.632	71.2745	305.66
3709334223284	-9.57358	353.81	41.9957	332.536	69.9454	299.842
3709334235506	-10.2842	348.66	40.9902	327.788	68.5365	293.438
3709334247795	-10.9264	344.628	39.9088	322.143	67.2875	286.54
3709334260140	-11.8958	340.105	38.6889	315.819	66.1089	279.289
3709334272499	-12.51	336.115	37.2955	308.438	64.8523	271.274
3709334284853	-13.7274	328.977	35.8125	300.587	63.6959	263.252
3709334297023	-15.9474	321.532	33.8728	292.22	62.4371	255.494
3709334309329	-18.5421	311.733	31.8291	283.04	61.2537	247.571
3709334321595	-21.5832	299.867	29.6794	273.079	60.165	239.661
3709334333909	-25.0331	285.538	27.3627	261.987	59.1069	231.712
3709334346215	-28.0286	269.622	25.6288	250.11	58.2365	223.768
3709334358475	-31.7488	253.07	24.2963	237.971	57.3381	216.627
3709334370799	-33.8322	234.874	23.6915	223.663	57.1168	209.924
3709334383066	-34.7318	216.77	23.7544	209.892	57.3759	205.966
3709334395370	-32.5135	195.872	25.0814	197.185	58.0075	202.867
3709334407635	-28.8949	177.213	26.5569	188.156	58.4817	202.22
3709334419986	-24.343	161.819	27.4665	182.737	58.8422	204.423
3709334432234	-19.8724	152.059	27.4563	179.926	58.4786	206.504
3709334444711	-17.2174	149.785	27.2139	180.799	58.3624	209.658	16.8526
3709334456906	-16.6575	152.873	26.7781	184.682	58.6248	214.171
3709334469326	-17.5436	161.337	26.7883	190.467	59.4515	218.773
3709334481506	-19.8106	174.611	26.778	198.681	60.4636	224.601
3709334493862	-21.9098	189.952	26.9001	208.213	61.5432	231.439
3709334506086	-22.4881	205.941	27.5016	219.152	62.7673	240.247
3709334518358	-22.0833	221.072	28.7098	230.8	64.1661	248.919
3709334530686	-22.1037	235.995	30.2254	242.88	65.6285	257.339
3709334542980	-21.9627	248.015	31.2883	254.18	66.3454	264.829
3709334555259	-22.2791	259.211	31.9392	264.364	66.6885	271.65
3709334567601	-22.7272	271.63	32.5839	274.374	67.114	278.027
3709334579851	-23.975	284.176	32.5801	283.251	67.2361	283.316
3709334592094	-25.0141	294.69	32.5111	291.082	67.3924	287.562
3709334604419	-26.2827	305.61	32.251	299.022	67.7142	293.039
3709334616756	-27.2222	313.522	32.2469	306.233	68.3144	298.553
3709334629156	-28.3432	321.207	31.9715	313.297	68.6431	303.589
3709334641329	-29.8062	328.376	31.5984	319.444	68.8903	307.787
3709334653677	-31.3167	333.994	30.9924	324.599	68.8499	311.246
3709334665960	-32.1904	339.38	30.7655	329.411	69.0896	314.509
3709334678257	-32.5612	344.869	30.8134	333.68	69.3866	317.238
3709334690553	-32.4632	350.175	30.9428	336.766	69.5564	318.812
3709334702921	-31.9297	355.297	31.0628	338.941	69.5215	319.439
3709334715130	-30.7215	359.715	31.3602	340.298	69.5731	319.637
3709334727455	-29.3256	363.786	31.58	341.314	69.3107	319.272
3709334739763	-27.5488	368.251	31.7406	341.83	68.8776	318.152
3709334752009	-25.8381	372.115	31.7841	342.264	68.2237	317.1
3709334764332	-24.0945	374.268	31.8169	341.787	67.5811	315.366
3709334776685	-22.5917	374.116	31.5995	339.683	66.679	312.055
3709334788903	-21.4968	372.649	31.2375	336.398	65.4011	307.151
3709334801263	-20.9529	370.67	30.6277	332.421	64.0305	301.607
3709334813534	-20.5865	367.864	29.9049	327.781	62.5986	295.406
3709334825839	-20.8827	363.032	28.8586	321.596	61.1671	288.151
3709334838120	-21.4524	356.197	27.7421	314.883	59.784	280.626
3709334850497	-22.9132	347.405	26.3359	306.958	58.3656	272.274
3709334862936	-24.6616	337.027	24.817	298.213	57.1296	264.045
3709334875008	-27.052	324.881	23.1814	288.37	56.0595	255.786
3709334887296	-29.566	310.467	21.627	277.129	55.3358	247.495
3709334899820	-32.2287	293.923	20.2351	265.106	54.6925	239.403
3709334911912	-34.4398	276.332	19.6073	252.678	54.2436	231.673
3709334924175	-36.7701	257.753	19.6565	239.964	53.9819	224.84
3709334936605	-37.5037	239.397	20.32	227.747	54.0111	219.907
3709334948781	-36.7618	219.433	21.7851	216.212	54.5278	217.654
3709334961094	-34.918	198.355	23.8316	207.57	55.5554	218.825
3709334973533	-32.1763	177.516	25.1865	200.151	56.1136	219.467
3709334985703	-28.8124	159.445	25.6546	194.879	56.2344	219.77
3709334998018	-26.3227	148.475	25.3463	193.231	56.02	221.569
3709335010339	-24.4439	143.435	25.046	194.742	56.3462	224.659	16.346
3709335022633	-23.7393	144.339	24.2587	199.725	56.4093	229.79
3709335035006	-23.1234	149.757	24.0855	207.492	57.1297	236.952
3709335047210	-23.9649	160.173	24.2536	215.952	58.3237	242.643
3709335059552	-24.1552	172.52	24.8768	224.54	59.7163	248.229
3709335071837	-25.5951	190.605	26.0126	235.815	61.44	255.279
3709335084189	-26.8059	210.545	27.4743	247.908	62.8582	262.453
3709335096401	-26.9254	228.62	28.6925	259.42	63.5428	269.044
3709335108660	-26.6243	244.326	29.6062	269.886	63.7591	274.605
3709335121002	-25.7913	258.307	30.4684	279.742	64.021	280.286
3709335133266	-25.6185	270.634	31.0305	288.921	64.046	286.016
3709335145559	-26.041	282.872	31.438	297.333	64.3176	291.142
3709335157857	-26.2812	293.156	31.8846	304.176	64.5987	295.198
3709335170153	-26.5303	302.938	31.9041	310.747	64.734	299.103
3709335182441	-27.0172	314.539	31.6427	315.887	64.7398	302.199
3709335194771	-27.2881	325.62	31.5714	320.299	65.0432	304.85
3709335207056	-27.2185	335.598	31.5504	324.694	65.2998	307.688
3709335219406	-26.9149	344.539	31.7508	328.897	65.6808	310.461
3709335231647	-26.0317	351.349	32.1047	332.406	66.1163	312.69
3709335243976	-25.167	355.513	32.5774	335.098	66.4153	314.08
3709335256299	-24.1268	358.693	33.0166	337.198	66.5355	314.818
3709335268595	-23.1421	361.823	33.4579	338.68	66.6005	314.915
3709335280834	-21.9205	364.821	33.8126	339.847	66.5022	314.571
3709335293170	-20.4125	367.566	34.028	340.383	66.3219	313.687
3709335305454	-18.7961	370.268	34.3879	340.119	66.2549	311.919
3709335317738	-16.962	371.907	34.8317	339.051	66.2492	309.294
3709335330057	-15.0019	371.154	35.1485	336.596	65.9814	305.089
3709335342389	-13.5721	368.66	35.4506	333.908	65.5733	300.334
3709335354662	-12.6131	365.626	35.4576	330.904	64.9173	295.419
3709335366906	-11.6225	361.727	35.4161	326.324	64.3026	289.106
3709335379220	-11.3629	357.19	35.1258	321.168	63.5953	282.437
3709335391585	-11.9937	350.99	34.6632	314.879	63.0375	275.087
3709335403824	-13.8491	343.575	33.5487	307.944	62.1572	267.659
3709335428579	-18.2019	326.196	30.5624	293.311	60.2127	253.925
3709335440736	-21.1358	314.249	28.7735	283.237	59.6369	245.446
3709335452994	-24.2136	301.079	26.7811	272.49	58.8042	237.486
3709335465289	-26.8084	287.392	25.219	261.188	58.1762	230.19
3709335502276	-30.8645	242.883	23.9545	232.465	56.163	214.012
3709335514534	-29.6444	223.104	24.1608	218.043	55.6742	210.913
3709335526836	-26.9026	204.642	25.4302	204.703	55.7745	209.029
3709335539159	-23.392	186.81	26.7044	195.655	55.8029	209.447
3709335551460	-20.0988	171.792	27.2904	187.348	55.5623	208.537
3709335563701	-15.2709	158.399	27.2586	184.146	55.4788	212.242
3709335576097	-13.6765	151.942	25.875	183.361	54.648	215.298
3709335588284	-14.2771	153.655	24.6898	185.812	54.6182	218.757	14.6458
3709335600634	-16.5572	162.551	24.0635	191.682	55.702	223.57
3709335612910	-19.2353	175.8	24.2365	201.174	57.0328	230.403
3709335625275	-22.9868	194.929	24.052	211.396	58.3022	237.676
3709335637521	-24.6108	212.796	24.2382	221.933	59.4573	244.73
3709335649783	-25.3628	229.813	25.4496	234.128	60.8983	253.3
3709335662075	-24.2238	245.752	26.943	247.145	62.1076	261.148
3709335674377	-22.4661	260.593	28.4298	259.854	63.2314	268.648
3709335686767	-21.1493	275.177	29.3879	271.284	63.7134	274.952
3709335699018	-20.4184	287.765	29.9148	281.176	63.7052	280.255
3709335711314	-20.1886	299.966	30.2889	290.213	63.8355	285.11
3709335723553	-19.9739	311.963	30.4144	298.486	63.6123	289.229
3709335735981	-19.4725	323.228	30.6637	306.729	63.5097	294.04
3709335748168	-19.057	333.532	30.8806	314.113	63.4426	298.663
3709335760482	-18.3026	342.158	31.5992	321.041	63.9151	303.399
3709335772896	-18.0076	350.305	31.8618	327.28	64.0394	307.478
3709335785166	-17.8413	357.7	32.1806	332.687	64.1828	310.842
3709335797370	-17.6372	364.556	32.5781	337.388	64.4712	313.729
3709335809708	-17.4488	370.312	32.9122	341.555	64.8191	316.606
3709335821994	-16.458	376.183	33.3295	344.283	65.1285	318.037
3709335834298	-15.2181	379.654	33.6261	345.973	65.4085	318.849
3709335846627	-13.8744	381.749	33.8751	346.862	65.5936	318.982
3709335858903	-12.7416	383.142	34.0653	347.198	65.7296	318.563
3709335871138	-12.1204	383.571	34.049	346.959	65.6331	317.505
3709335883585	-11.6157	383.394	34.0362	346.09	65.4793	315.813
3709335895929	-11.2243	382.858	33.9631	344.368	65.1242	312.971
3709335908055	-11.0228	381.199	33.7579	341.688	64.5598	309.007
3709335920362	-11.3351	378.512	33.1945	338.053	63.6303	304.175
3709335932625	-12.0241	374.872	32.4262	333.526	62.5342	298.615
3709335944959	-12.5869	369.945	31.5991	328.024	61.464	292.157
3709335957242	-13.3947	364.039	30.643	321.656	60.282	284.883
3709335969553	-14.6254	355.906	29.5711	314.227	59.3414	277.261
3709335981874	-16.2947	346.32	28.2996	305.948	58.2914	269.017
3709335994084	-18.3447	335.125	26.8249	296.369	57.362	260.392
3709336006445	-21.0437	322.972	25.131	285.546	56.4506	251.12
3709336018838	-24.452	307.878	23.6099	274.834	55.8443	243.621
3709336030981	-27.6509	291.124	22.482	262.493	55.3161	235.417
3709336043323	-29.9424	272.331	21.8156	249.416	54.5252	227.301
3709336055678	-31.3335	253.348	21.9492	234.849	54.1173	219.517
3709336067904	-31.4897	234.272	22.9358	220.271	54.505	214.304
3709336080206	-31.0348	212.988	24.5976	208.112	55.1307	212.437
3709336092513	-28.9279	189.34	25.8109	198.115	55.3663	212.377
3709336104802	-27.1341	167.104	26.4408	189.292	55.5686	213.28
3709336117127	-26.1918	149.62	26.1574	183.43	55.484	214.127
3709336129385	-24.4665	137.387	25.1832	182.24	55.2143	215.999
3709336141726	-24.3331	135.609	24.8442	185.324	56.4569	219.195	18.7202
3709336154227	-25.1202	141.746	24.5585	192.628	57.5778	224.7
3709336166325	-27.0836	155.171	24.6623	202.601	58.8871	232.195
3709336178636	-28.6909	172.639	25.3512	213.779	60.1658	240.279
3709336190899	-29.8841	193.422	26.3495	225.668	61.3739	248.521
3709336203172	-29.2183	215.243	28.1323	237.928	62.5697	256.145
3709336215530	-27.6133	235.469	29.7298	249.545	63.5992	262.864
3709336227849	-26.2971	252.809	30.6293	260.012	64.0168	268.354
3709336240081	-25.9561	267.469	31.0849	270.101	64.0435	273.644
3709336252380	-25.9883	281.16	31.2336	279.538	63.9727	278.868
3709336264676	-26.5535	292.464	31.0196	288.548	63.5172	284.036
3709336276966	-26.893	303.72	30.858	296.149	63.4159	288.701
3709336289374	-27.2879	314.977	30.8885	304.07	63.6145	294.392
3709336301659	-27.5516	323.806	31.1684	311.194	63.8415	299.752
3709336313996	-28.3791	331.42	31.1645	317.368	64.1212	304.478
3709336326189	-28.8279	337.743	31.1885	322.783	64.4215	308.646
3709336338605	-29.0568	342.668	31.1621	327.833	64.6471	312.374
3709336350755	-28.6842	347.39	31.2996	332.34	64.8806	315.676
3709336363067	-27.9649	351.303	31.5393	336.028	65.129	318.114
3709336375354	-26.7669	354.034	31.9497	338.942	65.321	319.501
3709336387651	-25.5114	357.184	32.3556	340.933	65.3648	319.88
3709336399980	-24.3018	360.059	32.6971	342.346	65.2555	319.762
3709336412232	-22.9882	362.762	33.0835	343.458	65.1386	319.373
3709336424576	-21.6083	367.012	33.1658	343.735	64.7668	317.987
3709336436857	-20.1617	369.585	33.2271	343.546	64.3973	316.335
3709336449199	-19.2269	370.719	33.0916	342.443	63.7245	313.757
3709336461447	-18.8403	370.446	32.7073	340.426	62.8846	310.125
3709336473749	-18.7031	368.19	32.1653	337.546	61.9436	305.677
3709336486070	-18.7935	363.761	31.4303	333.137	60.8722	299.703
3709336498376	-19.4576	358.199	30.529	327.418	59.8614	292.667
3709336510660	-20.3222	351.627	29.4424	320.762	58.7821	285.216
3709336522945	-21.4743	343.925	28.0963	313.152	57.5848	277.042
3709336535339	-22.893	334.588	26.7292	305.19	56.381	268.901
3709336547555	-24.4735	324.784	25.365	296.866	55.428	261.043
3709336559837	-26.2655	314.909	23.9006	287.942	54.4715	253.286
3709336572191	-29.057	303.825	22.3402	278.398	53.7606	246.213
3709336584449	-32.1021	290.986	20.8723	267.467	53.0444	238.491
3709336596767	-34.0826	275.913	19.9766	254.937	52.2124	229.871
3709336609214	-34.9194	259.127	19.5678	241.348	51.3869	221.345
3709336621319	-34.9757	239.648	20.0749	227.336	51.5091	215.333
3709336633651	-33.7126	217.469	21.7235	214.539	52.7526	213.133
3709336645963	-30.7855	190.17	23.4448	203.973	53.8762	214.379
3709336658356	-26.8677	165.488	24.3237	196.419	53.7297	216.458
3709336670547	-24.2975	148.192	23.6492	191.546	52.918	217.663
3709336682872	-23.4888	137.384	22.6456	190.913	52.8873	220.22
3709336695163	-23.0799	137.29	22.0149	194.787	53.7824	225.115	27.452
3709336707545	-26.3529	150.833	21.0283	204.102	54.7242	232.418
3709336719729	-29.5938	172.264	21.1896	217.081	56.3186	242.081
3709336732026	-32.4669	197.763	22.2926	231.227	58.2044	251.387
3709336744396	-33.5858	223.478	23.5984	245.775	59.6351	259.973
3709336756598	-33.088	245.908	24.7548	259.405	60.4362	267.391
3709336768887	-31.831	264.856	25.485	272.489	60.3645	274.566
3709336781291	-30.577	280.849	25.8603	284.1	60.0601	280.845
3709336793522	-29.7192	293.302	25.8289	293.87	59.3888	285.439
3709336805779	-29.7394	305.708	26.0559	303.543	59.3335	291.049
3709336818225	-30.1982	317.686	26.2283	312.919	59.5325	297.176
3709336830390	-31.0317	330.509	26.1023	321.071	59.7702	303.161
3709336842702	-31.4669	341.118	26.5452	329.524	60.6606	310.185
3709336855096	-32.2218	349.466	26.6958	336.62	61.2092	315.822
3709336867340	-32.1856	359.346	27.253	342.907	62.1931	321.141
3709336879635	-31.6593	366.319	27.9376	348.309	63.1284	325.376
3709336891860	-30.3696	374.17	28.508	352.967	63.5947	328.399
3709336904197	-28.7133	380.936	29.2828	357.187	64.0814	330.884
3709336916526	-27.0765	387.536	30.1666	361.094	64.5233	332.98
3709336928803	-25.3664	392.886	31.1047	364.198	65.0225	334.504
3709336941111	-23.5425	397.611	31.927	366.866	65.5276	335.903
3709336953403	-21.7972	401.08	32.707	368.142	65.9151	335.787
3709336965695	-20.0872	403.477	33.2693	368.714	65.9285	334.902
3709336978072	-18.0321	404.471	33.8405	368.26	65.8974	333.111
3709336990276	-16.3214	403.795	34.2134	366.642	65.6483	330.145
3709337002616	-14.7457	402.082	34.5597	364.2	65.3844	326.384
3709337014999	-13.4179	399.658	34.5962	360.302	64.8133	321.116
3709337027233	-12.6563	397.038	34.3467	355.495	64.1201	315.167
3709337064104	-13.6086	379.7	30.5212	338.482	59.5122	296.437
3709337076358	-16.7763	363.546	28.6832	324.402	57.1839	281.59
3709337088723	-20.6728	344.696	26.3521	305.235	55.3766	263.584
3709337100958	-27.5223	319.168	23.6288	281.653	54.1092	244.375
3709337113252	-33.6895	289.309	21.0442	255.027	52.8809	224.531
3709337125598	-36.9006	253.922	20.145	228.237	52.3788	207.978
3709337137824	-36.443	212.607	21.4226	204.57	53.5082	198.002
3709337150153	-31.0689	167.165	22.6177	183.955	53.3685	195.07
3709337162429	-24.1525	135.095	23.5756	169.996	52.1819	193.791
3709337174772	-20.4976	118.978	23.2753	166.56	52.067	195.903
3709337187028	-16.6949	118.834	24.1187	173.018	53.7814	203.792	64.3393
3709337199573	-17.3392	130.643	24.9225	183.365	55.7297	212.722
3709337211629	-20.1641	152.126	25.8693	197.579	58.0128	223.917
3709337223907	-24.9803	179.065	26.6215	212.403	60.0302	234.489
3709337236207	-29.7866	205.364	26.3842	225.72	61.09	242.991
3709337248524	-33.5506	229.428	26.0889	239.842	62.0328	252.839
3709337260794	-35.2454	248.48	25.7022	254.26	62.6269	264.016
3709337273144	-36.2659	262.907	24.9611	267.805	62.5082	274.379
3709337285454	-37.871	274.731	24.0149	280.3	62.0502	283.624
3709337297720	-38.9341	285.64	23.7613	292.354	62.2633	293.157
3709337310131	-39.7157	295.828	23.4928	303.184	62.2362	301.578
3709337322359	-39.7318	306.764	23.7352	313.315	62.6397	310.175
3709337334624	-39.3062	317.47	24.0865	322.903	63.0783	318.927
3709337347296	-38.7598	326.124	24.013	330.609	62.9926	325.115
3709337359301	-37.9277	333.978	24.2165	337.33	63.1807	330.782
3709337371522	-37.1432	341.306	24.3556	343.634	63.332	336.166
3709337383972	-36.325	346.486	24.5987	349.587	63.5001	341.645
3709337396103	-35.5226	350.981	24.7315	354.505	63.4034	345.504
3709337408479	-34.4896	356.018	24.9855	358.725	63.5256	348.879
3709337420764	-33.758	361.679	25.3927	362.651	63.8627	352.125
3709337433050	-32.9623	365.359	26.0342	365.715	64.306	354.246
3709337445297	-31.8667	369.351	26.6981	368.219	64.5043	355.255
3709337457666	-30.5278	372.185	27.4953	369.893	64.7712	355.425
3709337469871	-29.2066	373.424	28.2106	370.017	65.1283	354.366
3709337482193	-27.9105	373.326	28.8719	369.422	65.2927	352.547
3709337494538	-26.8941	371.196	29.3731	367.584	65.1517	349.162
3709337506869	-25.8209	368.114	29.9775	365.298	64.8745	344.875
3709337519247	-24.2893	366.44	30.5552	361.99	64.6412	339.78
3709337531505	-23.0088	363.729	30.8848	356.988	63.9105	332.444
3709337543781	-22.2118	361.075	30.7117	349.709	62.4284	321.891
3709337556009	-21.9621	360.414	29.8152	340.649	60.1336	309.258
3709337568275	-21.9684	352.459	28.646	328.427	57.6836	293.943
3709337580624	-25.0137	336.214	26.6738	312.662	54.5941	276.084
3709337592875	-29.7495	314.708	24.3978	293.111	52.1278	257.737
3709337605231	-33.8696	285.647	21.834	270.334	50.0459	238.979
3709337617612	-35.6295	248.162	20.4833	245.059	48.6085	219.994
3709337629786	-34.4728	203.503	20.0301	220.161	47.601	202.596
3709337642048	-30.1232	158.959	20.3814	196.376	47.6198	191.299
3709337654377	-24.9063	126.233	20.0221	178.013	47.9903	186.996
3709337666644	-19.5599	116.466	19.0585	169.642	47.412	188.755
3709337678989	-18.5379	132.875	19.5826	173.345	49.9281	197.599	56.1332
3709337691315	-24.0128	157.102	20.9748	185.922	52.6041	210.686
3709337703595	-29.1557	185.85	22.6633	202.546	55.3889	225.701
3709337716063	-33.0586	211.59	23.6024	218.446	57.0948	238.165
3709337728176	-33.3541	230.399	24.2654	233.7	58.4461	249.062
3709337752804	-34.9228	262.449	25.1635	257.585	60.4796	268.633
3709337765048	-34.0445	277.42	24.9957	273.893	60.7755	280.6
3709337777383	-33.6837	290.159	25.1359	288.768	60.7673	291.107
3709337789683	-33.8239	301.186	25.2019	301.534	60.3834	300.001
3709337801966	-34.1581	309.939	25.0769	311.193	59.854	306.897
3709337814185	-34.4406	318.435	25.1827	319.666	59.9142	313.943
3709337826553	-34.7931	323.945	24.9864	326.841	59.7962	320.08
3709337838836	-34.8181	329.617	24.7839	334.584	59.6093	327.619
3709337851228	-34.997	334.067	24.5448	341.298	59.4206	334.116
3709337863507	-34.9806	336.52	24.2887	346.706	59.2743	339.176
3709337875753	-34.8291	340.472	24.0238	351.684	58.9941	342.945
3709337888028	-34.7303	345.052	24.1736	356.26	59.1092	346.371
3709337900467	-34.4028	350.55	24.3544	359.483	59.2193	348.398
3709337912663	-33.6867	356.189	24.6712	361.766	59.3739	349.398
3709337924990	-32.552	360.751	25.0957	363.205	59.5164	349.428
3709337937317	-31.3508	364.411	25.5644	364.314	59.5995	348.95
3709337949547	-29.8174	367.677	26.2229	365.072	59.7715	348.051
3709337961915	-28.4903	369.817	26.9088	364.606	59.8603	345.885
3709337974203	-27.1297	371.396	27.4887	362.929	59.7975	342.477
3709337986502	-25.8938	371.335	27.8627	360.078	59.3421	337.598
3709338011124	-24.1983	369.436	27.4219	350.863	56.8794	323.994
3709338023395	-23.6134	365.976	26.8103	343.243	54.7927	312.957
3709338035630	-24.1023	357.465	25.6581	332.9	52.3128	299.275
3709338047969	-25.711	345.838	23.5464	319.409	49.0771	283.079
3709338060307	-28.8823	330.911	20.6907	302.804	45.9044	265.966
3709338072497	-34.0807	310.021	17.3856	282.587	43.5395	248.688
3709338084846	-40.0864	279.073	13.9401	258.991	41.5027	231.637
3709338097246	-43.3615	237.843	12.0689	233.671	39.8494	215.205
3709338109435	-40.4526	190.126	11.8435	210.779	37.9551	202.002
3709338121702	-33.6581	150.861	12.9909	192.192	36.9681	191.351
3709338133978	-27.783	118.081	13.0479	167.094	37.5304	185.98
3709338146369	-29.12	112.118	9.44245	159.333	35.2346	188.08
3709338158832	-31.7413	122.11	8.64512	163.005	35.5766	193.994	69.4147
3709338170917	-36.7717	144.826	8.35041	175.707	36.4429	205.057
3709338183259	-41.9816	179.085	8.63591	195.726	38.2541	222.207
3709338195496	-44.2884	211.652	9.81944	216.634	40.8647	238.445
3709338207775	-43.9973	235.573	11.0882	235.554	43.1072	252.051
3709338220072	-43.0005	254.667	12.0202	252.23	44.5842	263.57
3709338232515	-42.8318	270.755	12.4309	267.472	45.2313	273.73
3709338244702	-42.4494	285.231	12.6003	281.292	45.6426	283.708
3709338269308	-42.4632	313.544	13.5794	301.712	47.2264	300.25
3709338281662	-42.114	323.055	13.9038	313.662	47.7105	309.532
3709338293893	-41.43	332.914	14.8189	324.761	48.5725	318.521
3709338306264	-40.3868	341.481	15.7627	333.499	49.2761	325.564
3709338318501	-39.3573	349.101	16.4064	340.174	49.5716	330.212
3709338330945	-37.9948	356.574	17.1899	346.361	50.1664	334.561
3709338343113	-36.8788	361.238	17.7547	351.306	50.4972	337.867
3709338355398	-35.7883	365.586	18.3584	355.287	51.0107	340.693
3709338367667	-34.7087	370.206	18.8522	358.318	51.4023	342.789
3709338380105	-33.6767	372.906	19.315	360.352	51.6981	343.825
3709338392254	-32.5844	374.952	19.827	361.94	51.9236	344.514
3709338404581	-31.0779	376.798	20.4219	363.186	52.1125	344.737
3709338416938	-29.4276	378.141	21.1041	363.35	52.3959	343.688
3709338429192	-28.0881	378.801	21.7834	362.636	52.6259	341.925
3709338441464	-27.0739	377.764	22.2879	360.913	52.604	339.262
3709338453767	-26.0155	376.159	22.769	358.295	52.4	335.529
3709338466099	-25.3356	373.558	22.9288	355.138	51.7965	331.438
3709338478348	-24.9124	372.083	22.8138	350.908	50.8783	325.715
3709338490658	-24.6894	369.938	22.4073	345.354	49.6519	318.085
3709338503070	-24.5844	366.381	21.7721	337.731	48.1151	307.946
3709338515229	-24.9376	360.604	20.7215	328.602	46.4492	296.335
3709338527537	-26.4986	351.345	19.1846	317.859	44.5638	283.713
3709338539898	-29.2844	338.783	17.0788	304.91	42.4952	270.26
3709338552332	-34.0404	321.333	14.712	288.234	41.2083	256.186
3709338564490	-39.1875	296.335	12.6316	267.933	40.6657	241.865
3709338576738	-42.0054	261.188	11.8368	245.128	40.5425	227.88
3709338589051	-40.4003	217.726	12.825	222.436	40.985	215.671
3709338625946	-29.9914	145.087	15.7767	191.918	44.1401	205.061
3709338638225	-29.182	140.209	15.6261	190.868	45.6186	216.026
3709338650510	-31.6875	161.999	15.4327	199.517	46.698	227.867	50.9193
3709338663058	-31.7952	187.104	15.9949	214.314	47.4895	243.01
3709338675190	-32.6837	216.758	17.0195	231.396	48.7123	258.028
3709338687445	-33.4458	241.638	18.107	248.906	50.3467	271.733
3709338699878	-35.4193	261.935	17.8671	264.021	50.8816	282.283
3709338712064	-38.3703	276.464	16.6338	277.566	50.5429	291.15
3709338724333	-41.6384	288.479	15.1266	289.693	49.6759	299.08
3709338736638	-44.7569	300.366	13.7004	301.506	48.9586	307.546
3709338749030	-46.831	311.463	12.6303	312.385	48.5757	316.096
3709338761230	-48.5897	320.594	11.6856	321.9	48.2761	323.395
3709338773501	-49.9238	327.937	10.981	330.407	48.087	329.707
3709338785878	-50.5082	334.477	10.452	338.13	47.8827	335.26
3709338798116	-50.199	341.697	10.1787	344.626	47.8158	340.14
3709338810393	-49.9659	347.908	9.91036	349.738	47.7302	343.899
3709338822846	-49.3509	352.194	10.0101	354.944	47.9848	347.888
3709338834985	-48.5904	356.172	10.2534	358.824	48.1553	350.838
3709338847324	-47.7733	359.452	10.5352	361.324	48.3134	352.264
3709338859626	-47.1359	362.464	10.855	363.292	48.3697	353.011
3709338871887	-46.8792	365.836	11.2314	364.803	48.34	353.082
3709338884183	-46.3892	368.917	11.5561	365.654	48.1051	352.239
3709338896464	-45.5995	370.464	12	366.051	47.7279	350.752
3709338908865	-44.6743	371.973	12.5046	365.072	47.4522	348.31
3709338921241	-43.8022	372.323	12.9074	362.765	47.2172	345.211
3709338933428	-42.9896	371.12	13.1607	359.281	46.6977	340.52
3709338945677	-41.9104	369.117	13.2008	353.81	45.7504	333.113
3709338958094	-40.452	365.012	13.0751	346.945	44.4593	324.102
3709338970263	-39.1378	360	12.5235	338.178	42.679	312.536
3709338982705	-38.5707	353.581	11.6664	327.639	40.4308	298.872
3709338994893	-38.6455	343.627	10.5671	314.665	38.2584	283.832
3709339007175	-40.4186	326.728	9.26132	298.172	36.5003	267.517
3709339019517	-43.5196	303.469	7.59609	278.224	35.1345	250.734
3709339031791	-45.783	270.745	6.61495	255.895	34.6277	234.941
3709339044160	-45.5943	227.96	6.98135	232.435	34.5632	220.012
3709339056403	-39.7174	185.681	8.63655	210.895	34.1938	205.599
3709339068658	-31.2411	144.662	10.4977	192.251	34.8421	195.57
3709339081031	-25.4696	116.779	10.8305	177.744	35.13	191.251
3709339093259	-23.3991	108.107	10.0561	170.338	35.1452	193.389
3709339105570	-21.9212	123.804	10.9439	175.242	36.9875	204.098	56.083
3709339117979	-31.3213	150.319	11.9096	186.685	39.158	214.998
3709339130192	-34.6465	178.261	12.6375	203.381	40.9829	229.374
3709339142651	-35.6255	203.854	13.3827	220.598	42.6671	242.485
3709339154793	-36.7893	226.544	14.7057	236.805	45.0336	253.53
3709339167049	-37.6558	246.81	15.3334	252.468	46.4808	264.087
3709339179391	-38.7195	265.265	15.4342	267.99	47.116	274.379
3709339191707	-39.4109	282.484	15.1981	282.498	46.9922	283.931
3709339203944	-39.2149	298.739	15.5089	296.364	47.5615	293.803
3709339216228	-38.7785	314.172	15.9301	309.455	48.1347	303.723
3709339228555	-37.8126	326.886	16.6078	321.229	48.7943	313.062
3709339240853	-36.6416	339.06	17.4828	331.708	49.4857	321.235
3709339253182	-35.4374	350.109	18.3843	341.479	50.1179	328.937
3709339265467	-34.554	358.146	19.3911	351.067	50.9067	336.769
3709339277726	-33.595	366.25	20.3347	359.116	51.5742	343.328
3709339290043	-32.8174	373.908	20.9388	366.321	52.0303	349.474
3709339302387	-31.6683	379.651	21.6584	372.107	52.5435	354.155
3709339314778	-30.337	386.114	22.3868	376.481	53.2468	357.552
3709339326898	-28.7566	391.532	23.2817	379.914	53.9783	359.707
3709339339298	-27.395	394.389	24.0529	382.5	54.4816	360.844
3709339351549	-26.1731	396.782	24.609	384.315	54.7066	361.355
3709339363838	-24.4701	399.698	25.1752	385.431	54.8833	361.226
3709339376170	-22.5072	403.489	25.9212	385.443	55.2682	360.241
3709339388437	-21.0168	405.548	26.6226	384.581	55.6345	358.878
3709339400671	-19.8829	404.822	27.3472	382.695	55.7574	356.203
3709339413087	-18.9643	401.923	27.7869	379.563	55.2973	351.871
3709339425329	-18.0344	399.033	27.8421	374.7	54.3195	345.192
3709339437588	-17.2069	395.659	27.4579	368.391	52.9935	336.647
3709339449910	-17.0248	391.893	26.6261	361.154	51.2147	326.951
3709339462251	-17.3094	384.794	25.2564	350.835	49.2238	314.805
3709339474511	-19.144	373.483	23.006	337.683	46.5098	300.55
3709339486837	-22.0924	356.784	20.57	321.357	44.3765	285.536
3709339499112	-25.72	334.005	18.1488	301.605	42.887	269.601
3709339511403	-29.4507	302.387	16.3286	279.475	42.1147	254.409
3709339523703	-30.7279	259.826	16.2216	256.893	42.1282	240.359
3709339536036	-26.5813	211.498	17.8623	233.844	42.5569	226.778
3709339548430	-18.5542	168.381	20.1006	213.724	44.0775	218.845
3709339560594	-14.3846	142.045	20.436	198.778	44.4052	214.892
3709339572923	-13.8825	143.846	19.5182	192.344	44.202	215.956
3709339585241	-19.1267	164.922	19.1087	197.51	45.412	222.625	76.8474
3709339597584	-22.1447	190.569	19.9429	208.89	47.2712	232.415
3709339609823	-23.5202	213.641	20.7172	222.301	49.0307	242.923
3709339622115	-24.0968	231.414	21.8124	236.55	50.8435	254.096
3709339634369	-23.7619	245.641	22.329	248.975	52.2159	263.481
3709339646741	-23.8999	258.516	22.4843	261.638	53.2884	273.771
3709339658979	-25.3215	272	22.3008	273.862	53.8792	283.382
3709339671271	-26.8025	286.651	22.2482	285.745	54.4222	292.515
3709339683683	-27.6191	300.459	22.2699	296.29	54.9531	300.228
3709339695857	-28.6562	311.058	22.2967	305.505	55.4694	307.011
3709339708193	-29.4868	320.378	22.6233	314.485	56.3012	314.32
3709339720448	-30.1191	328.432	22.9511	322.724	57.1683	321.572
3709339732756	-31.2137	335.506	23.1446	329.599	57.8666	327.336
3709339745051	-31.1948	340.396	23.4932	336.25	58.6065	333.312
3709339757364	-31.1455	343.389	23.9569	342.321	59.3408	338.73
3709339769740	-30.8586	347.305	24.6861	348.269	60.191	344.198
3709339782150	-30.6135	353.597	25.2514	353.704	60.7776	348.318
3709339794251	-30.2018	359.202	25.8281	358.264	61.3163	351.409
3709339806539	-29.4107	364.908	26.6418	361.9	61.9531	353.505
3709339818881	-28.0371	371.038	27.3632	364.55	62.4434	354.811
3709339831336	-26.0447	374.063	28.5237	366.698	62.9745	355.535
3709339843455	-23.704	376.372	29.6448	367.943	63.2848	354.683
3709339855783	-20.9539	377.979	30.9463	368.358	63.507	352.796
3709339868070	-18.6981	380.197	32.1038	367.859	63.6538	350.101
3709339880343	-16.431	381.068	33.0101	365.826	63.6351	346.275
3709339892677	-14.2591	379.938	33.7771	363.036	63.2748	341.531
3709339904918	-12.8029	378.077	34.4443	359.15	62.6742	335.496
3709339917250	-11.9973	375.339	34.6575	353.498	61.3288	326.823
3709339929584	-11.8109	369.796	34.009	345.319	59.017	315.449
3709339941821	-12.4695	361.493	32.138	333.457	55.6307	300.997
3709339954138	-14.937	346.981	29.1284	317.544	52.1668	284.974
3709339966416	-19.6099	323.191	25.6527	297.696	49.1869	267.554
3709339978737	-24.7064	286.374	22.8403	272.648	47.3813	248.941
3709339991169	-28.7582	240.786	21.5147	246.276	46.6004	232.09
3709340003299	-28.4492	194.862	21.6393	222.453	45.877	217.319
3709340015606	-21.4225	154.143	23.3237	201.132	46.433	203.112
3709340027887	-14.0807	121.431	23.9014	182.34	47.1181	194.605
3709340040216	-10.0815	111.537	23.6226	173.071	47.0112	195.141
3709340052552	-14.4566	130.275	24.6425	177.364	48.4666	202.87	59.2964
3709340064869	-16.7735	152.288	26.8082	188.568	51.7737	214.054
3709340077179	-17.4444	173.799	28.743	201.098	54.9015	224.366
3709340089410	-16.2569	194.535	30.1202	214.538	57.38	234.237
3709340101748	-14.6949	214.536	31.7395	228.125	60.0921	243.555
3709340114006	-13.0783	235.901	33.8733	243.411	63.0376	253.778
3709340126252	-11.4058	255.642	35.9215	258.311	65.1675	262.863
3709340138597	-9.53106	275.569	37.9481	272.231	67.1856	270.798
3709340150902	-7.33593	293.928	39.9795	285.3	69.0115	278.258
3709340187780	-0.816513	342.429	44.4678	304.445	73.8134	287.419
3709340200108	1.27644	348.596	47.2333	317.432	76.9697	297.171
3709340212415	4.37524	357.924	51.2942	328.957	80.7622	305.367
3709340224734	7.85436	367.749	55.3511	338.379	84.5499	311.976
3709340236977	11.4277	375.153	59.4614	344.482	87.8281	315.164
3709340249305	16.3023	380.889	63.9927	349.072	91.7845	317.624
3709340261762	21.7177	384.972	68.7218	352.114	96.1083	319.337
3709340273995	27.2972	386.87	73.7162	353.495	100.827	319.795
3709340286169	32.7464	387.632	78.7572	353.379	105.532	319.007
3709340298447	38.343	387.279	84.1766	352.35	110.734	317.511
3709340310829	44.7254	386.534	89.8073	350.406	116.18	315.178
3709340323107	51.5565	384.638	96.007	347.984	121.997	312.26
3709340335336	58.6725	380.65	102.487	344.335	127.971	308.025
3709340347788	66.3362	374.958	109.359	339.415	134.013	302.25
3709340359927	74.603	369.384	116.511	333.734	140.359	296
3709340372259	84.2402	366.004	123.63	326.757	146.366	288.182
3709340384539	94.5134	359.652	131.762	319.447	152.851	279.822
3709340396896	104.263	350.8	140.704	311.269	159.299	270.361
3709340409184	114.483	340.162	150.522	302.119	166.512	260.5
3709340421450	123.342	323.488	160.797	291.571	174.101	249.538
3709340433784	130.522	302.174	170.517	280.098	181.621	238.541
3709340446059	141.089	284.704	180.632	267.439	189.626	226.706
3709340458346	152.036	268.702	191.426	254.952	197.833	214.714
3709340470658	163.9	251.124	201.802	242.379	204.99	202.31
3709340482959	175.917	233.075	211.855	229.85	211.986	189.895
3709340495246	187.791	217.3	221.883	217.787	219.259	178.297
3709340507550	200.354	204.597	231.993	207.646	227.953	169.255
3709340519891	213.223	194.208	242.112	199.385	237.728	162.695
3709340532166	226.436	187.319	253.276	191.293	249.643	157.518
3709340544639	235.975	183.255	264.478	186.072	262.765	156.057
3709340556794	244.142	174.565	274.278	182.397	275.463	155.633
3709340569050	285.599	196.126	280.777	177.655	277.116	139.315
3709340581451	416.834	182.689	296.151	174.081	264.692	152.583
3709340593670	406.403	152.047	296.222	177.503	260.117	163.878	0
3709340605944	221.134	139.918	304.725	176.381	364.808	168.406
3709340618471	217.818	146.071	309.189	174.225	370.068	161.785
3709340630534	234.684	155.792	313.705	177.919	375.848	157.487	0
3709340655160	234.452	163.88	318.893	177.132	381.365	153.424
3709340667467	233.942	163.753	320.934	176.854	383.429	152.477
3709340679740	235.741	158.493	321.756	175.478	384.637	151.912
3709340692013	257.39	145.33	322.612	175.435	385.36	150.44
3709340704303	280.032	149.957	323.538	175.253	384.918	147.157
3709340716621	282.12	136.094	324.219	172.991	386.307	145.312
3709340728902	290.812	144.292	324.719	172.489	386.039	142.75
3709340741212	286.377	140.213	326.033	172.671	386.865	141.777	22.1847
